== month_fe ==
                            OLS Regression Results                            
==============================================================================
Dep. Variable:                      y   R-squared:                       0.918
Model:                            OLS   Adj. R-squared:                  0.901
Method:                 Least Squares   F-statistic:                 4.254e+05
Date:                Tue, 08 Sep 2026   Prob (F-statistic):                nan
Time:                        09:21:50   Log-Likelihood:                 2342.9
No. Observations:                 554   AIC:                            -4492.
Df Residuals:                     457   BIC:                            -4073.
Df Model:                          96                                         
Covariance Type:         hac-groupsum                                         
=================================================================================
                    coef    std err          z      P>|z|      [0.025      0.975]
---------------------------------------------------------------------------------
const            -0.4294      0.035    -12.224      0.000      -0.498      -0.361
deep_subprime     0.2711      0.023     11.902      0.000       0.226       0.316
subprime          1.3701      0.097     14.165      0.000       1.180       1.560
near_prime        0.1691      0.023      7.201      0.000       0.123       0.215
prime             0.5436      0.039     13.858      0.000       0.467       0.621
prime_plus        0.7070      0.058     12.275      0.000       0.594       0.820
m_2019-01         0.0021      0.000     13.068      0.000       0.002       0.002
m_2019-02         0.0040      0.000     22.510      0.000       0.004       0.004
m_2019-03         0.0069      0.000     35.700      0.000       0.007       0.007
m_2019-04         0.0072      0.000     43.702      0.000       0.007       0.008
m_2019-05         0.0062      0.000     17.888      0.000       0.006       0.007
m_2019-06         0.0043      0.000     12.824      0.000       0.004       0.005
m_2019-07         0.0038      0.000     15.095      0.000       0.003       0.004
m_2019-08         0.0043      0.000     17.675      0.000       0.004       0.005
m_2019-09         0.0015      0.000      7.152      0.000       0.001       0.002
m_2019-10         0.0010      0.000      3.566      0.000       0.000       0.002
m_2019-11         0.0024      0.000     14.752      0.000       0.002       0.003
m_2019-12         0.0044      0.000     26.906      0.000       0.004       0.005
m_2020-01     -4.621e-05      0.000     -0.238      0.812      -0.000       0.000
m_2020-02         0.0018      0.000     10.350      0.000       0.001       0.002
m_2020-03         0.0058      0.000     34.344      0.000       0.005       0.006
m_2020-04         0.0050      0.000     28.387      0.000       0.005       0.005
m_2020-05         0.0038      0.000     11.068      0.000       0.003       0.004
m_2020-06         0.0023      0.000     14.688      0.000       0.002       0.003
m_2020-07         0.0018      0.000      8.718      0.000       0.001       0.002
m_2020-08         0.0006      0.000      1.629      0.103      -0.000       0.001
m_2020-09        -0.0019      0.000     -4.860      0.000      -0.003      -0.001
m_2020-10        -0.0034      0.000    -21.169      0.000      -0.004      -0.003
m_2020-11        -0.0063      0.000    -36.735      0.000      -0.007      -0.006
m_2020-12        -0.0060      0.000    -16.819      0.000      -0.007      -0.005
m_2021-01        -0.0051      0.000    -24.722      0.000      -0.006      -0.005
m_2021-02      2.579e-05      0.000      0.065      0.948      -0.001       0.001
m_2021-03         0.0026      0.000     11.927      0.000       0.002       0.003
m_2021-04        -0.0013      0.000     -5.409      0.000      -0.002      -0.001
m_2021-05        -0.0026      0.000     -7.282      0.000      -0.003      -0.002
m_2021-06        -0.0059      0.000    -36.733      0.000      -0.006      -0.006
m_2021-07        -0.0091      0.000    -55.231      0.000      -0.009      -0.009
m_2021-08        -0.0095      0.000    -38.732      0.000      -0.010      -0.009
m_2021-09        -0.0125      0.000    -70.740      0.000      -0.013      -0.012
m_2021-10        -0.0128      0.000    -69.583      0.000      -0.013      -0.012
m_2021-11        -0.0127      0.000    -71.719      0.000      -0.013      -0.012
m_2021-12        -0.0131      0.000    -71.251      0.000      -0.013      -0.013
m_2022-01        -0.0130      0.000    -80.897      0.000      -0.013      -0.013
m_2022-02        -0.0118      0.000    -66.525      0.000      -0.012      -0.011
m_2022-03        -0.0100      0.000    -47.095      0.000      -0.010      -0.010
m_2022-04        -0.0100      0.000    -62.640      0.000      -0.010      -0.010
m_2022-05        -0.0093      0.000    -56.301      0.000      -0.010      -0.009
m_2022-06        -0.0119      0.000    -67.234      0.000      -0.012      -0.012
m_2022-07        -0.0118      0.000    -74.853      0.000      -0.012      -0.011
m_2022-08        -0.0106      0.000    -67.045      0.000      -0.011      -0.010
m_2022-09        -0.0120      0.000    -71.835      0.000      -0.012      -0.012
m_2022-10        -0.0105      0.000    -66.789      0.000      -0.011      -0.010
m_2022-11        -0.0104      0.000    -66.256      0.000      -0.011      -0.010
m_2022-12        -0.0107      0.000    -66.452      0.000      -0.011      -0.010
m_2023-01        -0.0095      0.000    -55.004      0.000      -0.010      -0.009
m_2023-02        -0.0087      0.000    -53.303      0.000      -0.009      -0.008
m_2023-03        -0.0057      0.000    -26.867      0.000      -0.006      -0.005
m_2023-04        -0.0057      0.000    -23.916      0.000      -0.006      -0.005
m_2023-05        -0.0044      0.000    -22.141      0.000      -0.005      -0.004
m_2023-06        -0.0058      0.000    -35.783      0.000      -0.006      -0.005
m_2023-07        -0.0053      0.000    -21.008      0.000      -0.006      -0.005
m_2023-08        -0.0037      0.000    -22.480      0.000      -0.004      -0.003
m_2023-09        -0.0044      0.000    -17.805      0.000      -0.005      -0.004
m_2023-10        -0.0023      0.000    -13.258      0.000      -0.003      -0.002
m_2023-11        -0.0017      0.000    -10.653      0.000      -0.002      -0.001
m_2023-12        -0.0003      0.000     -1.832      0.067      -0.001    2.01e-05
m_2024-01        -0.0012      0.000     -2.827      0.005      -0.002      -0.000
m_2024-02        -0.0004      0.000     -2.335      0.020      -0.001   -6.38e-05
m_2024-03         0.0020      0.000      5.678      0.000       0.001       0.003
m_2024-04         0.0023      0.000      9.238      0.000       0.002       0.003
m_2024-05         0.0005      0.000      2.914      0.004       0.000       0.001
m_2024-06         0.0005      0.000      2.754      0.006       0.000       0.001
m_2024-07         0.0008      0.000      3.827      0.000       0.000       0.001
m_2024-08         0.0010      0.000      5.357      0.000       0.001       0.001
m_2024-09     -2.554e-05      0.000     -0.117      0.907      -0.000       0.000
m_2024-10         0.0007      0.000      3.688      0.000       0.000       0.001
m_2024-11         0.0004      0.000      2.333      0.020     5.9e-05       0.001
m_2024-12         0.0027      0.000     11.037      0.000       0.002       0.003
m_2025-01         0.0007      0.000      2.755      0.006       0.000       0.001
m_2025-02         0.0028      0.000      6.998      0.000       0.002       0.004
m_2025-03         0.0052      0.000     27.221      0.000       0.005       0.006
m_2025-04         0.0032      0.000     20.538      0.000       0.003       0.004
m_2025-05         0.0014      0.000      5.887      0.000       0.001       0.002
m_2025-06         0.0004      0.000      1.281      0.200      -0.000       0.001
m_2025-07        -0.0013      0.000     -5.726      0.000      -0.002      -0.001
m_2025-08         0.0009      0.000      4.846      0.000       0.001       0.001
m_2025-09         0.0001      0.000      0.720      0.472      -0.000       0.001
m_2025-10        -0.0011      0.000     -3.080      0.002      -0.002      -0.000
m_2025-11        -0.0008      0.000     -3.301      0.001      -0.001      -0.000
m_2025-12         0.0002      0.000      0.997      0.319      -0.000       0.001
m_2026-01        -0.0022      0.000    -10.669      0.000      -0.003      -0.002
m_2026-02        -0.0002      0.000     -0.711      0.477      -0.001       0.000
m_2026-03         0.0026      0.000     15.490      0.000       0.002       0.003
m_2026-04         0.0006      0.000      1.604      0.109      -0.000       0.001
m_2026-05        -0.0002      0.000     -1.405      0.160      -0.001    9.61e-05
m_2026-06        -0.0013      0.000     -8.078      0.000      -0.002      -0.001
m_2026-07        -0.0020      0.000     -6.242      0.000      -0.003      -0.001
==============================================================================
Omnibus:                       40.475   Durbin-Watson:                   1.888
Prob(Omnibus):                  0.000   Jarque-Bera (JB):               84.283
Skew:                          -0.430   Prob(JB):                     4.99e-19
Kurtosis:                       4.706   Cond. No.                         928.
==============================================================================

Notes:
[1] Driscoll and Kraay Standard Errors are robust to cluster correlation (HAC-Groupsum)

== month_and_trust_fe ==
                            OLS Regression Results                            
==============================================================================
Dep. Variable:                      y   R-squared:                       0.918
Model:                            OLS   Adj. R-squared:                  0.901
Method:                 Least Squares   F-statistic:                -2.506e-12
Date:                Tue, 08 Sep 2026   Prob (F-statistic):                nan
Time:                        09:21:50   Log-Likelihood:                 2342.9
No. Observations:                 554   AIC:                            -4492.
Df Residuals:                     457   BIC:                            -4073.
Df Model:                          96                                         
Covariance Type:         hac-groupsum                                         
===================================================================================
                      coef    std err          z      P>|z|      [0.025      0.975]
-----------------------------------------------------------------------------------
const            7.562e+08        nan        nan        nan         nan         nan
deep_subprime    3.514e+09        nan        nan        nan         nan         nan
subprime        -6.112e+09        nan        nan        nan         nan         nan
near_prime      -8.108e+09        nan        nan        nan         nan         nan
prime           -1.657e+10        nan        nan        nan         nan         nan
prime_plus       5.518e+09        nan        nan        nan         nan         nan
m_2019-01           0.0021        nan        nan        nan         nan         nan
m_2019-02           0.0040        nan        nan        nan         nan         nan
m_2019-03           0.0069      3.233      0.002      0.998      -6.330       6.344
m_2019-04           0.0072      5.203      0.001      0.999     -10.191      10.206
m_2019-05           0.0062        nan        nan        nan         nan         nan
m_2019-06           0.0043        nan        nan        nan         nan         nan
m_2019-07           0.0038        nan        nan        nan         nan         nan
m_2019-08           0.0043      6.173      0.001      0.999     -12.095      12.103
m_2019-09           0.0015        nan        nan        nan         nan         nan
m_2019-10           0.0010      6.613      0.000      1.000     -12.961      12.962
m_2019-11           0.0024      1.334      0.002      0.999      -2.613       2.617
m_2019-12           0.0044        nan        nan        nan         nan         nan
m_2020-01       -4.828e-05      4.492  -1.07e-05      1.000      -8.804       8.804
m_2020-02           0.0018      4.288      0.000      1.000      -8.402       8.406
m_2020-03           0.0058      4.046      0.001      0.999      -7.923       7.935
m_2020-04           0.0050        nan        nan        nan         nan         nan
m_2020-05           0.0038        nan        nan        nan         nan         nan
m_2020-06           0.0023        nan        nan        nan         nan         nan
m_2020-07           0.0018      2.527      0.001      0.999      -4.952       4.955
m_2020-08           0.0006      0.805      0.001      0.999      -1.577       1.578
m_2020-09          -0.0019        nan        nan        nan         nan         nan
m_2020-10          -0.0034        nan        nan        nan         nan         nan
m_2020-11          -0.0063        nan        nan        nan         nan         nan
m_2020-12          -0.0060      2.590     -0.002      0.998      -5.082       5.070
m_2021-01          -0.0051        nan        nan        nan         nan         nan
m_2021-02        2.388e-05      3.506   6.81e-06      1.000      -6.872       6.872
m_2021-03           0.0026        nan        nan        nan         nan         nan
m_2021-04          -0.0013      3.526     -0.000      1.000      -6.913       6.910
m_2021-05          -0.0026        nan        nan        nan         nan         nan
m_2021-06          -0.0059        nan        nan        nan         nan         nan
m_2021-07          -0.0091      2.622     -0.003      0.997      -5.149       5.130
m_2021-08          -0.0095        nan        nan        nan         nan         nan
m_2021-09          -0.0125        nan        nan        nan         nan         nan
m_2021-10          -0.0128      1.692     -0.008      0.994      -3.329       3.304
m_2021-11          -0.0127        nan        nan        nan         nan         nan
m_2021-12          -0.0131        nan        nan        nan         nan         nan
m_2022-01          -0.0130        nan        nan        nan         nan         nan
m_2022-02          -0.0118      1.839     -0.006      0.995      -3.615       3.592
m_2022-03          -0.0100        nan        nan        nan         nan         nan
m_2022-04          -0.0100        nan        nan        nan         nan         nan
m_2022-05          -0.0093      3.067     -0.003      0.998      -6.021       6.003
m_2022-06          -0.0119      2.016     -0.006      0.995      -3.963       3.939
m_2022-07          -0.0118        nan        nan        nan         nan         nan
m_2022-08          -0.0106        nan        nan        nan         nan         nan
m_2022-09          -0.0120        nan        nan        nan         nan         nan
m_2022-10          -0.0105      3.022     -0.003      0.997      -5.933       5.912
m_2022-11          -0.0104      5.601     -0.002      0.999     -10.989      10.968
m_2022-12          -0.0107      2.546     -0.004      0.997      -5.001       4.980
m_2023-01          -0.0095        nan        nan        nan         nan         nan
m_2023-02          -0.0087        nan        nan        nan         nan         nan
m_2023-03          -0.0057        nan        nan        nan         nan         nan
m_2023-04          -0.0057        nan        nan        nan         nan         nan
m_2023-05          -0.0044        nan        nan        nan         nan         nan
m_2023-06          -0.0058      1.385     -0.004      0.997      -2.720       2.708
m_2023-07          -0.0053        nan        nan        nan         nan         nan
m_2023-08          -0.0037      2.193     -0.002      0.999      -4.301       4.294
m_2023-09          -0.0044        nan        nan        nan         nan         nan
m_2023-10          -0.0023        nan        nan        nan         nan         nan
m_2023-11          -0.0017        nan        nan        nan         nan         nan
m_2023-12          -0.0003        nan        nan        nan         nan         nan
m_2024-01          -0.0012        nan        nan        nan         nan         nan
m_2024-02          -0.0004        nan        nan        nan         nan         nan
m_2024-03           0.0020      1.506      0.001      0.999      -2.950       2.954
m_2024-04           0.0023        nan        nan        nan         nan         nan
m_2024-05           0.0005        nan        nan        nan         nan         nan
m_2024-06           0.0004      2.479      0.000      1.000      -4.858       4.859
m_2024-07           0.0008        nan        nan        nan         nan         nan
m_2024-08           0.0010      3.451      0.000      1.000      -6.764       6.766
m_2024-09       -2.762e-05      4.603     -6e-06      1.000      -9.022       9.021
m_2024-10           0.0007        nan        nan        nan         nan         nan
m_2024-11           0.0004      3.502      0.000      1.000      -6.864       6.864
m_2024-12           0.0027        nan        nan        nan         nan         nan
m_2025-01           0.0007        nan        nan        nan         nan         nan
m_2025-02           0.0028        nan        nan        nan         nan         nan
m_2025-03           0.0052      3.146      0.002      0.999      -6.161       6.172
m_2025-04           0.0032      3.895      0.001      0.999      -7.631       7.637
m_2025-05           0.0014        nan        nan        nan         nan         nan
m_2025-06           0.0004        nan        nan        nan         nan         nan
m_2025-07          -0.0013        nan        nan        nan         nan         nan
m_2025-08           0.0009        nan        nan        nan         nan         nan
m_2025-09           0.0001        nan        nan        nan         nan         nan
m_2025-10          -0.0011        nan        nan        nan         nan         nan
m_2025-11          -0.0008        nan        nan        nan         nan         nan
m_2025-12           0.0002      3.745   5.09e-05      1.000      -7.340       7.340
m_2026-01          -0.0022      4.506     -0.000      1.000      -8.833       8.829
m_2026-02          -0.0002        nan        nan        nan         nan         nan
m_2026-03           0.0026        nan        nan        nan         nan         nan
m_2026-04           0.0006      3.009      0.000      1.000      -5.897       5.898
m_2026-05          -0.0002      5.371  -4.57e-05      1.000     -10.527      10.527
m_2026-06          -0.0013        nan        nan        nan         nan         nan
m_2026-07          -0.0020        nan        nan        nan         nan         nan
trust_bofa       6.348e+08        nan        nan        nan         nan         nan
trust_chase     -6.851e+08        nan        nan        nan         nan         nan
trust_citi        8.05e+08        nan        nan        nan         nan         nan
trust_comet      1.262e+09        nan        nan        nan         nan         nan
trust_synchrony  3.242e+09        nan        nan        nan         nan         nan
==============================================================================
Omnibus:                       40.106   Durbin-Watson:                   1.887
Prob(Omnibus):                  0.000   Jarque-Bera (JB):               83.634
Skew:                          -0.426   Prob(JB):                     6.91e-19
Kurtosis:                       4.702   Cond. No.                     6.22e+17
==============================================================================

Notes:
[1] Driscoll and Kraay Standard Errors are robust to cluster correlation (HAC-Groupsum)
[2] The smallest eigenvalue is 1.97e-33. This might indicate that there are
strong multicollinearity problems or that the design matrix is singular.